v3.0 hex words addressed
00: 2001 2d00 2eff 2f01 21fa b050 0000 0000 0000 0000 0000 0000 0000 0000 0000 0000
10: 311d 12f2 b217 3123 3ff4 511f b020 312b 3ff2 511e b020 0000 0000 0000 0000 0000
20: 3133 12f1 b227 3139 3ff3 511e b010 3141 3df1 511e b030 0000 0000 0000 0000 0000
30: 3149 12f0 b337 314f 3ff0 511f ffff 3157 3ff3 511e b040 0000 0000 0000 0000 0000
40: 315f 12f3 b447 3165 3ff2 511f b040 316d 3df3 511f b010 0000 0000 0000 0000 0000
50: 3df0 3df1 3df2 3df3 3df4 3df5 3df6 3df7 3df8 3df9 3dfa 3dfb 3dfc 3dfd 3dfe 3dff
60: b010 0000 0000 0000 0000 0000 0000 0000 0000 0000 0000 0000 0000 0000 0000 0000
70: 0000 0000 0000 0000 0000 0000 0000 0000 0000 0000 0000 0000 0000 0000 0000 0000
80: 0000 0000 0000 0000 0000 0000 0000 0000 0000 0000 0000 0000 0000 0000 0000 0000
90: 0000 0000 0000 0000 0000 0000 0000 0000 0000 0000 0000 0000 0000 0000 0000 0000
a0: 0000 0000 0000 0000 0000 0000 0000 0000 0000 0000 0000 0000 0000 0000 0000 0000
b0: 0000 0000 0000 0000 0000 0000 0000 0000 0000 0000 0000 0000 0000 0000 0000 0000
c0: 0000 0000 0000 0000 0000 0000 0000 0000 0000 0000 0000 0000 0000 0000 0000 0000
d0: 0000 0000 0000 0000 0000 0000 0000 0000 0000 0000 0000 0000 0000 0000 0000 0000
e0: 0000 0000 0000 0000 0000 0000 0000 0000 0000 0000 0000 0000 0000 0000 0000 0000
f0: 0000 0000 0000 0000 0000 0000 0000 0000 0000 0000 0000 0000 0000 0000 0000 0000
